(1,1,160,),
    (1,2,88,),
    (2,1,160,),
    (2,2,96,),
    (3,1,160,),
    (3,2,104,),
    (4,1,170,),
    (4,2,88,),
    (5,1,170,),
    (5,2,96,),
    (6,1,170,),
    (6,2,104,),
    (7,1,170,),
    (7,2,112,),
    (8,1,180,),
    (8,2,96,),
    (9,1,180,),
    (9,2,104,),
    (10,1,180,),
    (10,2,112,),
    (11,1,180,),
    (11,2,120,),
    (12,1,190,),
    (12,2,96,),
    (13,1,190,),
    (13,2,104,),
    (14,1,190,),
    (14,2,112,),
    (15,1,190,),
    (15,2,120,),
    (16,1,200,),
    (16,2,104,),
    (17,1,200,),
    (17,2,112,),
    (18,1,200,),
    (18,2,120,),
    (19,1,200,),
    (19,2,128,),
    (20,1,0,),
    (20,2,0,),
    (21,1,0,),
    (21,2,0,),
    (22,1,160,),
    (22,2,88,),
    (23,1,160,),
    (23,2,96,),
    (24,1,160,),
    (24,2,104,),
    (25,1,170,),
    (25,2,88,),
    (26,1,170,),
    (26,2,96,),
    (27,1,170,),
    (27,2,104,),
    (28,1,170,),
    (28,2,112,),
    (29,1,180,),
    (29,2,96,),
    (30,1,180,),
    (30,2,104,),
    (31,1,180,),
    (31,2,112,),
    (32,1,190,),
    (32,2,96,),
    (33,1,190,),
    (33,2,104,),
    (34,1,190,),
    (34,2,112,),
    (35,1,190,),
    (35,2,120,),
    (36,1,200,),
    (36,2,112,),
    (37,1,200,),
    (37,2,120,),
    (38,1,0,),
    (38,2,0,),
    (39,1,160,),
    (39,2,80,),
    (40,1,170,),
    (40,2,90,),
    (41,1,180,),
    (41,2,100,),
    (42,1,190,),
    (42,2,110,),
    (43,1,200,),
    (43,2,120,),
    (44,1,0,),
    (44,2,0,),
    (45,1,160,),
    (45,2,80,),
    (46,1,170,),
    (46,2,90,),
    (47,1,180,),
    (47,2,100,),
    (48,1,190,),
    (48,2,110,),
    (49,1,200,),
    (49,2,120,),
    (50,1,0,),
    (50,2,0,),
    (51,3,70,),
    (51,4,72,),
    (51,5,88,),
    (52,3,70,),
    (52,4,76,),
    (52,5,92,),
    (53,3,70,),
    (53,4,80,),
    (53,5,96,),
    (54,3,75,),
    (54,4,68,),
    (54,5,84,),
    (55,3,75,),
    (55,4,72,),
    (55,5,88,),
    (56,3,75,),
    (56,4,76,),
    (56,5,92,),
    (57,3,75,),
    (57,4,80,),
    (57,5,96,),
    (58,3,75,),
    (58,4,84,),
    (58,5,100,),
    (59,3,75,),
    (59,4,88,),
    (59,5,104,),
    (60,3,75,),
    (60,4,92,),
    (60,5,108,),
    (61,3,80,),
    (61,4,72,),
    (61,5,88,),
    (62,3,80,),
    (62,4,76,),
    (62,5,92,),
    (63,3,80,),
    (63,4,80,),
    (63,5,96,),
    (64,3,80,),
    (64,4,84,),
    (64,5,100,),
    (65,3,80,),
    (65,4,88,),
    (65,5,104,),
    (66,3,80,),
    (66,4,92,),
    (66,5,108,),
    (67,3,80,),
    (67,4,96,),
    (67,5,112,),
    (68,3,80,),
    (68,4,100,),
    (68,5,116,),
    (69,3,80,),
    (69,4,104,),
    (69,5,120,),
    (70,3,85,),
    (70,4,80,),
    (70,5,96,),
    (71,3,85,),
    (71,4,84,),
    (71,5,100,),
    (72,3,85,),
    (72,4,88,),
    (72,5,104,),
    (73,3,85,),
    (73,4,92,),
    (73,5,108,),
    (74,3,85,),
    (74,4,96,),
    (74,5,112,),
    (75,3,85,),
    (75,4,100,),
    (75,5,116,),
    (76,3,85,),
    (76,4,104,),
    (76,5,120,),