

INSERT INTO `items`(NSN, ItemTypeID, NumIssued, NumInStore,NumReserved,NumOrdered)
VALUES('8415-99-597-0428 ',1,7,6,0,0),
    ('8415-99-597-0429 ',1,13,1,0,0),
    ('8415-99-597-0430 ',1,1,0,0,0),
    ('8415-99-597-0431 ',1,19,8,0,0),
    ('8415-99-597-0432 ',1,11,2,0,0),
    ('8415-99-597-0433 ',1,5,2,0,0),
    ('8415-99-597-0434 ',1,0,0,0,0),
    ('8415-99-597-0435 ',1,1,2,0,0),
    ('8415-99-597-0436 ',1,5,1,0,0),
    ('8415-99-597-0437 ',1,0,0,0,0),
    ('8415-99-597-0438 ',1,0,0,0,0),
    ('8415-99-597-0439 ',1,1,0,0,0),
    ('8415-99-597-0440 ',1,0,0,0,0),
    ('8415-99-597-0441 ',1,0,0,0,0),
    ('8415-99-597-0442 ',1,0,0,0,0),
    ('8415-99-597-0443 ',1,0,0,0,0),
    ('8415-99-597-0444 ',1,0,0,0,0),
    ('8415-99-597-0445 ',1,0,0,0,0),
    ('8415-99-597-0446 ',1,0,0,0,0),
    ('8415-99-597-0447 ',1,0,0,0,0),
    ('8415-99-597-0448 ',1,0,0,0,0),
    ('8415-99-396-5988 ',2,2,6,0,0),
    ('8415-99-396-5989 ',2,0,1,0,0),
    ('8415-99-396-5990 ',2,5,0,0,0),
    ('8415-99-396-5991 ',2,2,8,0,0),
    ('8415-99-396-5992 ',2,9,2,0,0),
    ('8415-99-396-5993 ',2,2,2,0,0),
    ('8415-99-396-5994 ',2,0,0,0,0),
    ('8415-99-396-5995 ',2,1,2,0,0),
    ('8415-99-396-5996 ',2,1,1,0,0),
    ('8415-99-396-5997 ',2,0,0,0,0),
    ('8415-99-396-5998 ',2,0,0,0,0),
    ('8415-99-396-5999 ',2,0,0,0,0),
    ('8415-99-396-6000 ',2,0,0,0,0),
    ('8415-99-396-6001 ',2,0,0,0,0),
    ('8415-99-396-6002 ',2,0,0,0,0),
    ('8415-99-396-6003 ',2,0,0,0,0),
    ('8415-99-396-6004 ',2,0,0,0,0),
    ('8415-99-813-3260 ',3,20,3,0,0),
    ('8415-99-813-3261 ',3,13,16,0,0),
    ('8415-99-813-3262 ',3,0,3,0,0),
    ('8415-99-813-3263 ',3,0,0,0,0),
    ('8415-99-813-3264 ',3,0,0,0,0),
    ('8415-99-813-3265 ',3,0,0,0,0),
    ('8415-99-813-3254 ',4,0,6,0,0),
    ('8415-99-813-3255 ',4,0,22,0,0),
    ('8415-99-813-3256 ',4,0,4,0,0),
    ('8415-99-813-3257 ',4,0,0,0,0),
    ('8415-99-813-3258 ',4,0,0,0,0),
    ('8415-99-813-3259 ',4,0,0,0,0),
    ('8415-99-317-8270 ',5,2,3,0,0),
    ('8415-99-317-8271 ',5,1,0,0,0),
    ('8415-99-317-8272 ',5,1,9,0,0),
    ('8415-99-317-8273 ',5,0,8,0,0),
    ('8415-99-317-8274 ',5,1,4,0,0),
    ('8415-99-317-8275 ',5,1,0,0,0),
    ('8415-99-317-8276 ',5,1,0,0,0),
    ('8415-99-317-8277 ',5,1,3,0,0),
    ('8415-99-317-8278 ',5,2,8,0,0),
    ('8415-99-317-8279 ',5,2,0,0,0),
    ('8415-99-317-8280 ',5,2,15,0,0),
    ('8415-99-317-8281 ',5,1,9,0,0),
    ('8415-99-317-8282 ',5,2,12,0,0),
    ('8415-99-317-8283 ',5,0,4,0,0),
    ('8415-99-317-8284 ',5,0,1,0,0),
    ('8415-99-317-8285 ',5,0,0,0,0),
    ('8415-99-317-8286 ',5,1,0,0,0),
    ('8415-99-317-8287 ',5,0,0,0,0),
    ('8415-99-317-8288 ',5,0,0,0,0),
    ('8415-99-317-8289 ',5,2,0,0,0),
    ('8415-99-317-8290 ',5,0,0,0,0),
    ('8415-99-317-8291 ',5,1,0,0,0),
    ('8415-99-317-8292 ',5,1,0,0,0),
    ('8415-99-317-8293 ',5,0,0,0,0),
    ('8415-99-317-8294 ',5,0,0,0,0),
    ('8415-99-317-8295 ',5,0,0,0,0),
    (NULL,7,0,0,0,0),
    (NULL,7,2,0,0,0),
    (NULL,7,3,0,0,0),
    (NULL,7,5,0,0,0),
    (NULL,7,7,0,0,0),
    (NULL,7,2,0,0,0),
    (NULL,7,2,0,0,0),
    (NULL,7,0,0,0,0),
    (NULL,7,0,0,0,0),
    (NULL,7,0,0,0,0),
    (NULL,7,1,0,0,0),
    ('8405-99-976-0231',8,0,7,0,0),
    ('8405-99-976-0232 ',8,0,1,0,0),
    ('8405-99-976-0233 ',8,0,5,0,0),
    ('8405-99-976-0234 ',8,1,7,0,0),
    ('8405-99-976-0235 ',8,1,5,0,0),
    ('8405-99-976-0236 ',8,0,3,0,0),
    ('8405-99-976-0237 ',8,2,0,0,0),
    ('8405-99-976-0238 ',8,1,3,0,0),
    ('8405-99-976-0239 ',8,5,4,0,0),
    ('8405-99-976-0240 ',8,1,13,0,0),
    ('8405-99-976-0241 ',8,9,0,0,0),
    ('8405-99-976-0242 ',8,2,0,0,0),
    ('8405-99-976-0243 ',8,0,0,0,0),
    ('8405-99-976-0244 ',8,0,0,0,0),
    ('8405-99-976-0245 ',8,0,0,0,0),
    ('8405-99-976-0246 ',8,0,0,0,0),
    ('8415-99-915-8224',9,0,0,0,0),
    ('8415-99-915-8225',9,0,0,0,0),
    ('8415-99-915-8226',9,0,0,0,0),
    ('8415-99-915-8227',9,0,0,0,0),
    ('8415-99-915-8228',9,0,0,0,0),
    ('8415-99-915-8229',9,0,0,0,0),
    ('8415-99-915-8230',9,0,0,0,0),
    ('8415-99-915-8231',9,0,0,0,0),
    ('8415-99-915-8232',9,0,0,0,0),
    ('8415-99-915-8233',9,0,0,0,0),
    ('8415-99-915-8234',9,0,0,0,0),
    ('8415-99-915-8235',9,0,0,0,0),
    ('8415-99-915-8236',9,0,0,0,0),
    ('8415-99-915-8237',9,0,0,0,0),
    ('8415-99-915-8238',9,0,0,0,0),
    ('8415-99-915-8239',9,0,0,0,0),
    ('8415-99-915-8240',9,0,0,0,0);


INSERT INTO `sizes`(itemID,sizeTypeID,value)
VALUES (1,1,160),
    (1,2,88),
    (2,1,160),
    (2,2,96),
    (3,1,160),
    (3,2,104),
    (4,1,170),
    (4,2,88),
    (5,1,170),
    (5,2,96),
    (6,1,170),
    (6,2,104),
    (7,1,170),
    (7,2,112),
    (8,1,180),
    (8,2,96),
    (9,1,180),
    (9,2,104),
    (10,1,180),
    (10,2,112),
    (11,1,180),
    (11,2,120),
    (12,1,190),
    (12,2,96),
    (13,1,190),
    (13,2,104),
    (14,1,190),
    (14,2,112),
    (15,1,190),
    (15,2,120),
    (16,1,200),
    (16,2,104),
    (17,1,200),
    (17,2,112),
    (18,1,200),
    (18,2,120),
    (19,1,200),
    (19,2,128),
    (20,1,0),
    (20,2,0),
    (21,1,0),
    (21,2,0),
    (22,1,160),
    (22,2,88),
    (23,1,160),
    (23,2,96),
    (24,1,160),
    (24,2,104),
    (25,1,170),
    (25,2,88),
    (26,1,170),
    (26,2,96),
    (27,1,170),
    (27,2,104),
    (28,1,170),
    (28,2,112),
    (29,1,180),
    (29,2,96),
    (30,1,180),
    (30,2,104),
    (31,1,180),
    (31,2,112),
    (32,1,190),
    (32,2,96),
    (33,1,190),
    (33,2,104),
    (34,1,190),
    (34,2,112),
    (35,1,190),
    (35,2,120),
    (36,1,200),
    (36,2,112),
    (37,1,200),
    (37,2,120),
    (38,1,0),
    (38,2,0),
    (39,1,160),
    (39,2,80),
    (40,1,170),
    (40,2,90),
    (41,1,180),
    (41,2,100),
    (42,1,190),
    (42,2,110),
    (43,1,200),
    (43,2,120),
    (44,1,0),
    (44,2,0),
    (45,1,160),
    (45,2,80),
    (46,1,170),
    (46,2,90),
    (47,1,180),
    (47,2,100),
    (48,1,190),
    (48,2,110),
    (49,1,200),
    (49,2,120),
    (50,1,0),
    (50,2,0),
    (51,3,70),
    (51,4,72),
    (51,5,88),
    (52,3,70),
    (52,4,76),
    (52,5,92),
    (53,3,70),
    (53,4,80),
    (53,5,96),
    (54,3,75),
    (54,4,68),
    (54,5,84),
    (55,3,75),
    (55,4,72),
    (55,5,88),
    (56,3,75),
    (56,4,76),
    (56,5,92),
    (57,3,75),
    (57,4,80),
    (57,5,96),
    (58,3,75),
    (58,4,84),
    (58,5,100),
    (59,3,75),
    (59,4,88),
    (59,5,104),
    (60,3,75),
    (60,4,92),
    (60,5,108),
    (61,3,80),
    (61,4,72),
    (61,5,88),
    (62,3,80),
    (62,4,76),
    (62,5,92),
    (63,3,80),
    (63,4,80),
    (63,5,96),
    (64,3,80),
    (64,4,84),
    (64,5,100),
    (65,3,80),
    (65,4,88),
    (65,5,104),
    (66,3,80),
    (66,4,92),
    (66,5,108),
    (67,3,80),
    (67,4,96),
    (67,5,112),
    (68,3,80),
    (68,4,100),
    (68,5,116),
    (69,3,80),
    (69,4,104),
    (69,5,120),
    (70,3,85),
    (70,4,80),
    (70,5,96),
    (71,3,85),
    (71,4,84),
    (71,5,100),
    (72,3,85),
    (72,4,88),
    (72,5,104),
    (73,3,85),
    (73,4,92),
    (73,5,108),
    (74,3,85),
    (74,4,96),
    (74,5,112),
    (75,3,85),
    (75,4,100),
    (75,5,116),
    (76,3,85),
    (76,4,104),
    (76,5,120),
    (88,7,48),
    (89,7,49),
    (90,7,50),
    (91,7,51),
    (92,7,52),
    (93,7,53),
    (94,7,54),
    (95,7,55),
    (96,7,56),
    (97,7,57),
    (98,7,58),
    (99,7,59),
    (100,7,60),
    (101,7,61),
    (102,7,62),
    (103,7,63),
    (104,7,48),
    (105,7,49),
    (106,7,50),
    (107,7,51),
    (108,7,52),
    (109,7,53),
    (110,7,54),
    (111,7,55),
    (112,7,56),
    (113,7,57),
    (114,7,58),
    (115,7,59),
    (116,7,60),
    (117,7,61),
    (118,7,62),
    (119,7,63),
    (120,7,64);

INSERT INTO `sizes`(itemID,sizeTypeID,value,unit)
VALUES(77,6,3,'shoeSize'),
    (78,6,4,'shoeSize'),
    (79,6,5,'shoeSize'),
    (80,6,6,'shoeSize'),
    (81,6,7,'shoeSize'),
    (82,6,8,'shoeSize'),
    (83,6,9,'shoeSize'),
    (84,6,10,'shoeSize'),
    (85,6,11,'shoeSize'),
    (86,6,12,'shoeSize'),
    (87,6,13,'shoeSize');

INSERT INTO `users` (fname,lname,rank,section,CFAV,Cnum,Pword)
VALUES(Josh,Wilkinson,Cpl,2,0,12345678,Howson4life),
    (Temi,Wagar,Ssgt,5,0,43218765,1l0veCadets);

INSERT INTO `troops` (troopName)
VALUES('Chard'),
    ('Kitchener'),
    ('Gundulf'),
    ('Archibald'),
    ('CFAV');
INSERT INTO `ranks` (rank)
VALUES('Cdt'),
    ('l/Cpl'),
    ('Cpl'),
    ('Sgt'),
    ('Ssgt'),
    ('W02'),
    ('W01'),
    ('SgtCFAV'),
    ('2lt'),
    ('lt'),
    ('Cpt'),
    ('Maj');

